-----SR:  =
SynchRad  = SRW
-----ID:  = 
IDname    = I13d_MA
IDpos     = 282.298
IDpos_min = 0.01
IDpos_max = 0.01
Np_und    = 108.0
lam_und   = 0.025
By_und    = 0.836
Kmin      = 1.0
Kmax      = 2.0
KRangeNbPoints = 100
TCPoints       = 100
Brightness   = 0
TuningCurves = 0
harm_1st     = 1
harm_last    = 20
-----BEAM-shift-tilt: =
delta_x        =  0.0e-6
delta_y        =  0.0e-6
delta_xp       =  0.0e-6
delta_yp       =  0.0e-6
-----SRW-Beamline: =        
slitZ     = 11.55
Ephot_ini = 1000.
Ephot_end = 25000.
slitDX    = 800.
slitDY    = 800.
-----SRW-Calculation: =
meshXsta  = -600.
meshXfin  =  600.
meshYsta  = -400.
meshYfin  =  400.
meshEsta  = 11209.
meshEfin  = 11209.
meshnx    = 200
meshny    = 200
sampfact  = 1.0
Nelectr   = 500
Ncores    = 200
calc_type = multie
calc_meth = 1  
------SR: = 
LATTICE   = M-H6BA-14-1-1
Ee        = 3.5
Ib        = 0.3
Nbunch    = 935
Cou       = 0.0507
-----OUTPUT: =
outfil    = SRW_I13d
BLname = I13d_MA
Circ = 560.5704
sig_z = 0.001834378
dE = 0.000775761863145
-----Beam Twiss/Size/Moments: =
emi_x = 1.57337414821e-10
beta_x = 8.842959
alpha_x = -0.24017370000000002
beta_y = 5.319205999999999
alpha_y = -0.4559996
eta_x = 3.1624980000000004e-09
eta_xp = 3.653917e-16
sig_x = 3.7300513514323876e-05
sig_y = 6.513934535425008e-06
sig_xp = 4.338054908406237e-06
sig_yp = 1.3459176133850965e-06
sigXX = 1.391328308432258e-09
sigXXp = 3.77883090661073e-11
sigXpXp = 1.8818720388347446e-11
sigYY = 4.243134313180261e-11
sigYYp = 3.637511969937758e-12
sigYpYp = 1.8114942220202343e-12
calc_meth = 1
