outfil = VMX_I06u 
Np_und = 33 
lam_und = 0.064 
By_und = 1 
Ee     = 3 
Ib     = 300 
Circ   = 561.571 
Nbunch = 936 
sig_z  = 1 
emi    = 2.70485e-09 
Cou    = 0.003 
dE     = 0.000959654 
bx     = 6.13759 
ax     = 0.579083 
by     = 4.38232 
ay     = 1.32223 
etax   = 0.0673599 
etaxp  = -0.00449282 
etay   = 0 
etayp  = 0 
slitZ  = 24 
Ephot_ini = 70 
Ephot_end = 2200 
slitDX = 200 
slitDY = 120 
